0,270
3,2
3,1
3,3
10,284
10,140
10,244
10,306
10,248
68,4
68,3
10,268
10,2
10,3
68,2
68,1
68,0
65,4
65,3
65,2
65,1
63,5
63,4
63,3
9,7
9,4
9,1
63,2
63,1
61,5
61,4
9,6
9,2
61,3
61,1
9,3
58,3
58,1
55,5
55,4
55,3
55,2
55,1
55,0
54,5
54,4
54,3
8,16
8,17
8,13
8,12
8,9
54,2
54,1
54,0
53,5
53,4
53,3
53,2
53,1
53,0
51,4
51,3
51,2
51,1
51,0
47,4
47,3
47,2
47,1
36,3
36,1
34,4
34,3
34,1
32,5
32,3
32,1
30,4
30,3
30,1
27,3
27,1
20,3
20,2
20,1
19,3
19,2
19,1
14,5
14,4
14,2
14,0
12,3
12,2
12,1
11,29
11,28
11,27
11,26
11,25
11,24
11,23
11,22
11,21
11,20
11,19
11,18
11,17
11,16
11,15
11,14
11,13
11,12
11,11
11,10
11,9
11,8
11,7
11,6
